# Created by Octave 4.0.2, Fri Apr 07 16:24:32 2017 IST <root@rahul-Aspire-E5-573G>
# name: X
# type: matrix
# rows: 12
# columns: 1
 -15.93675813378541
 -29.15297921723813
 36.18954862666253
 37.49218733199513
 -48.05882945257007
 -8.941457938049755
 15.30779288922608
 -34.70626581132249
 1.38915436863589
 -44.38375985168692
 7.013502082404112
 22.7627489197113


