# Created by Octave 4.0.2, Fri Apr 07 16:25:24 2017 IST <root@rahul-Aspire-E5-573G>
# name: y
# type: matrix
# rows: 12
# columns: 1
 2.134310506729669
 1.173256678756455
 34.35910918053895
 36.83795516371235
 2.808965074479856
 2.121072476666392
 14.71026830656231
 2.614184386432259
 3.740171665694939
 3.731691310543067
 7.627658852038035
 22.75242830224221


